TomOsiecki
1 9 5 4 6 3 7 2 1 5 3 2 1 3 3
1 9 5 4 6 3 10 2 1 5 3 2 1 2 2
1 9 5 4 6 3 10 2 1 4 3 2 1 2 2
1 9 5 4 6 3 7 2 1 4 3 2 4 2 4
W2 S2 S2
DonNguyen
1 9 12 4 6 3 10 2 1 12 3 2 1 2 1
1 8 5 4 6 3 7 2 1 4 3 2 1 2 2
1 8 5 4 6 3 7 2 1 4 3 2 1 3 1
1 8 5 4 6 3 7 2 1 4 3 2 1 2 1
W2 E1 W2
Jeremy
1 9 5 4 6 3 7 2 1 5 3 2 1 3  1
1 8 5 4 11 3 10 2 1 4 3 2 1 3 1
1 8 5 4 11 3 7 2 1 5 3 2 1 2  2
1 9 12 4 6 3 7 2 1 4 6 2 1 6  1
W1 E1 E1
Anthony
1 9 12 4 6 3 10 2 1 4 3 2 1 3 1
1 8 5 4 6 3 10 2 1 4 6 2 4 2 2
1 8 5 4 6 3 10 2 1 5 3 2 1 2 1
1 8 12 4 6 3 7 2 1 4 3 2 1 2 1
M1 E1 M1
Chuck
1 9 12 4 11 3 7 2 1 4 3 2 1 3 1
1 8 5 4 6 3 7 2 1 5 3 2 5 2 2
1 8 5 4 11 3 10 2 1 4 3 2 1 3 3
1 8 12 4 6 3 10 2 1 4 3 2 1 2 1
M1 S3 M1
JohnCarter
1 9 12 4 11 3 7 2 1 4 3 2 1 2 1
1 8 12 4 6 3 10 2 1 12 6 2 1 6 6
1 9 5 4 11 3 10 2 1 4 3 2 1 3 3
1 9 12 4 6 3 10 2 1 4 6 2 1 2 1
M1 S3 S3
Cliff
1 8 5 4 6 3 7 2 1 4 3 2 1 2 2
1 8 5 4 6 3 7 2 1 5 6 7 5 7 7
1 8 5 4 6 3 7 2 1 4 3 2 1 3 3
1 8 5 4 6 3 7 2 1 4 3 2 1 2 1
M2 E1 M2
Zhuo
1 8 5 4 6 3 7 2 1 4 3 2 1 2 2
1 8 5 4 6 3 10 2 1 5 3 2 1 3 3
1 8 5 4 6 3 10 2 1 4 3 2 1 3 1
1 8 5 4 11 3 7 2 1 4 3 2 1 3 1
M2 E1 M2
Fadi
1 9 5 4 6 3 10 2 1 4 3 2 1 3 3
1 8 5 4 6 3 10 2 1 5 6 2 1 2 2
1 9 12 4 11 3 7 2 1 4 3 2 4 3 4
1 9 12 4 6 3 7 2 1 4 3 2 1 2 1
M3 S4 S4
Marisa
1 8 12 13 6 3 10 2 1 12 3 2 1 2 2
16 8 5 4 6 3 7 2 16 4 6 7 4 7 7
16 8 12 4 11 14 10 2 16 12 11 2 16 2 2
1 8 12 4 11 3 7 2 8 12 3 7 8 7 8
M2 E8 M2
