Amir Johnson
1 9 12 4 6 3 10 2 1 12 3 2 1 3 1
1 8 5 4 6 3 7 2 1 5 6 2 1 6 6
1 8 12 4 6 3 7 2 1 4 3 7 4 3 4
1 9 12 4 6 3 10 2 1 4 6 2 4 2 4
M1 S4 M1
Common
1 8 12 4 6 3 10 2 1 12 3 2 1 3 1
1 8 5 4 6 3 10 2 1 5 3 2 1 2 1 
1 8 5 4 11 3 7 2 1 4 3 2 4 2 4 
1 8 5 4 11 14 7 2 1 4 14 2 1 2 2
M1 S4 M1
Jesse Williams
1 9 5 4 6 3 7 2 1 4 3 2 1 3 1
1 8 5 13 6 14 10 2 1 5 6 2 5 2 2
1 9 5 4 11 3 10 2 1 4 3 2 4 2 4
1 9 12 4 6 3 10 2 1 4 6 2 1 2 1
M1 E1 M1
Al Harford
1 8 12 4 6 3 10 2 1 4 3 2 1 3 1
1 9 5 13 6 3 7 2 1 5 6 2 1 2 2
1 9 5 4 6 3 7 2 1 4 3 2 1 3 1
1 8 12 4 6 3 7 2 1 4 3 2 4 2 2 
M1 S1 M1
Candace Parker
1 9 5 13 6 3 10 2 1 5 6 2 1 6 1
1 8 12 4 6 3 7 2 8 4 6 2 4 2 2
1 8 5 4 11 3 7 2 1 4 3 2 4 3 3
1 9 12 4 6 3 10 2 1 4 3 2 4 2 2
M1 E2 M1
Charissa Thompson
1 9 12 4 6 3 7 2 1 4 3 2 1 2 1
1 8 5 4 6 3 10 2 1 5 6 2 1 2 2
1 9 5 4 11 3 7 2 1 4 3 2 1 3 1
1 8 12 4 6 3 7 2 1 4 6 2 1 2 2 
M1 S1 M1
Dick Vitale
1 9 5 4 6 3 10 2 1 4 3 2 1 3 1
1 9 5 4 6 3 7 2 1 5 3 2 5 2 2
1 8 5 4 11 3 7 2 1 4 3 2 4 2 4
1 8 5 4 6 14 7 2 1 4 6 2 1 2 1
M1 E1 M1
Mike Golic
1 8 12 4 11 3 7 2 1 12 3 2 1 2 1
1 8 5 4 6 3 7 2 1 5 3 2 5 2 2
1 8 5 4 11 3 7 2 1 4 3 2 1 3 3
1 8 12 4 6 14 10 2 1 4 14 2 1 2 1
M1 E1 M1
Joe Lunardi
1 9 5 4 11 3 7 2 1 4 3 2 1 3 1
1 8 5 4 11 3 7 2 1 4 3 2 1 2 1
1 8 5 4 6 3 7 2 1 4 3 2 4 3 3
1 9 5 4 6 3 7 2 1 4 6 2 4 2 2
M1 S3 M1
Anthony Anderson
1 9 12 4 6 3 10 2 1 4 3 2 1 2 1
1 8 5 4 6 3 7 2 1 5 3 2 1 2 1
1 8 5 4 6 3 7 2 1 4 3 2 1 2 2
1 8 5 4 6 3 7 2 1 4 3 7 1 3 1
M1 S2 M1
Rajon Rondo
1 9 5 4 6 3 10 2 1 5 3 2 1 3 1
1 8 5 4 6 3 10 2 1 5 6 2 1 2 2
1 9 5 4 11 3 10 2 1 4 3 2 1 2 2
1 8 5 4 6 3 7 2 1 4 3 2 4 2 2
M1 E2 M1
Joba Chamberlain
1 9 12 4 11 3 7 2 1 4 3 2 1 2 1
1 9 12 4 6 3 10 2 1 4 6 2 1 2 1
1 9 5 4 11 3 10 2 1 4 3 2 1 2 1
1 9 12 4 6 14 7 2 1 12 6 2 12 2 2
M1 S1 M1
Le'Ron McClain
1 9 12 4 6 14 7 2 1 4 14 2 1 2 1
1 8 12 4 6 14 7 2 1 12 6 2 1 2 1
1 9 5 4 6 3 7 2 1 5 3 2 1 2 2
1 8 5 4 6 3 7 2 1 4 6 2 4 2 2
M1 E2 M1
Josh Cribbs
1 9 5 4 6 3 10 2 1 5 6 2 1 2 1
1 8 5 4 6 3 7 2 1 4 6 2 4 2 4
1 8 12 4 6 3 10 2 1 4 3 2 1 3 1
1 9 5 4 6 3 7 2 1 4 6 2 1 2 2 
M1 E2 M1
Matthew Berry
1 9 12 4 6 3 10 2 1 4 3 2 1 2 1
1 8 5 4 11 3 7 2 1 5 3 2 1 2 1
1 8 5 4 11 3 10 2 8 5 3 2 8 3 3
1 8 5 4 6 3 7 2 1 4 3 2 1 2 2
M1 E2 M1
Jordan Hamilton
1 9 5 4 11 3 7 2 1 4 3 2 1 3 1
1 9 5 4 6 3 7 2 1 5 3 2 5 3 3
1 9 5 4 6 3 7 2 1 4 3 2 4 2 2
1 8 5 4 6 3 7 2 1 4 3 2 4 2 2
M1 E2 M1
Mike Greenberg
1 8 5 4 11 3 7 2 1 4 3 2 1 3 1
1 8 5 4 11 3 10 2 1 5 3 2 1 2 2
1 8 5 4 11 3 7 2 1 5 3 2 1 3 3
1 8 12 4 6 3 7 2 1 12 3 2 1 2 1
M1 E1 M1
Tobias Harris
1 9 5 4 6 3 10 2 1 5 3 2 1 3 1
1 8 5 4 6 3 7 2 8 5 3 2 5 2 2
1 9 5 4 11 3 7 2 1 4 11 2 4 2 2
1 8 5 4 11 3 7 2 8 4 3 2 4 2 2
M1 E2 M1
Swin Cash
1 9 5 4 6 3 7 2 1 4 3 2 1 3 1
1 8 12 4 6 3 7 2 8 12 3 2 8 2 2
1 8 5 4 6 3 7 2 1 4 3 2 1 2 1
1 9 5 4 6 3 10 2 1 5 6 2 1 2 1
M1 E1 M1
Jason Cameron
1 9 5 4 6 3 7 2 1 4 3 2 1 3 1
1 9 5 4 11 3 7 2 1 5 3 2 1 3 3
1 8 5 4 11 3 7 2 1 5 3 2 1 2 2
1 8 5 4 6 3 7 2 1 4 6 2 4 2 2
M1 E2 M1
Tom Wallisch
1 9 5 4 6 3 7 2 1 5 3 2 1 3 1
1 8 12 13 6 3 7 2 1 12 3 7 1 3 1
1 9 12 4 6 3 7 2 1 4 6 2 1 2 2
1 8 5 4 6 3 7 2 1 6 3 2 5 2 2
M1 S2 M1
Bill Plaschke
1 9 5 4 11 3 7 2 1 4 3 2 1 2 1
1 8 5 4 11 3 7 2 1 4 3 2 4 2 2
1 8 5 4 11 3 7 2 1 4 3 2 4 3 3
1 8 12 4 6 3 7 2 1 4 3 2 1 2 1
M1 E1 E1
President Obama
1 9 5 4 6 3 10 2 1 4 3 2 1 2 1
1 8 5 13 11 3 7 2 1 5 3 2 5 2 2
1 8 5 4 11 3 10 2 1 4 3 2 4 3 3
1 8 5 4 6 3 7 2 1 4 3 2 1 2 1
M1 E1 E1
Jordan Crawford
1 8 5 4 6 3 7 2 1 4 3 2 1 3 3
1 9 5 4 6 3 7 2 1 5 6 2 5 6 6
1 9 5 4 11 3 7 2 1 4 11 2 4 11 4
1 9 5 4 6 3 7 2 1 5 3 2 1 3 1
W6 S4 S4
Benjamin Watson
1 9 12 4 6 3 10 2 1 4 3 2 1 2 1
1 8 5 4 6 3 7 2 1 4 3 2 4 2 2
1 8 5 4 6 3 10 2 1 4 3 2 1 3 1
1 8 5 4 6 3 7 2 8 4 3 2 8 2 2
M1 E2 E2
Stevie Johnson
1 9 12 4 6 3 7 2 1 4 3 7 1 3 1
1 8 12 4 6 3 7 2 8 12 3 2 8 2 2
1 8 5 4 11 3 7 2 1 5 3 2 5 3 5
1 8 5 4 11 3 7 2 1 4 3 2 1 2 1
M1 E1 E1
Calais Campbell
1 8 12 4 6 3 10 2 1 4 3 2 1 3 1
1 8 5 4 6 3 10 2 1 4 6 2 1 2 2
1 8 5 4 11 3 10 2 1 5 3 2 1 2 2
1 8 5 13 11 3 10 2 1 5 3 2 1 2 2
M1 E2 E2
Kid President
1 9 12 4 6 3 7 2 1 4 6 2 1 2 2
1 9 5 4 6 3 10 2 1 5 3 2 1 3 1
1 8 5 4 6 3 10 2 1 4 6 10 4 6 4
1 8 12 13 6 3 10 2 1 13 3 10 1 10 1
W1 S4 W1
Neil Walker
1 9 5 13 6 3 10 2 1 13 6 2 1 6 1
1 8 5 4 6 3 10 2 8 5 6 2 5 2 5
1 8 12 4 6 3 7 2 1 4 6 2 1 6 6
1 9 12 4 6 3 7 2 1 4 6 7 1 6 1
M1 E1 E1
Felix Jones
1 8 12 4 6 3 7 2 1 12 3 2 1 3 3
1 8 5 4 6 3 7 2 8 4 6 2 8 2 2
1 8 5 4 6 3 7 2 1 4 3 2 1 2 1
1 9 5 4 11 3 7 2 1 4 3 2 4 2 4
W2 S1 S1
Zach McAllister
1 9 12 4 6 3 10 2 1 12 3 2 1 3 1
1 8 5 4 6 3 10 2 1 5 6 2 5 2 2
1 8 5 4 11 3 10 2 1 4 3 2 4 2 2
1 8 5 4 6 3 7 2 1 4 3 2 1 2 1
W2 E1 E1
Scott Porter's Dream
1 8 5 4 11 3 7 2 1 4 3 7 1 3 1
1 8 5 4 6 3 7 2 1 5 3 2 5 3 3
1 8 5 13 11 3 7 2 1 5 11 2 5 2 2
1 8 5 4 6 3 7 2 1 4 3 2 1 2 2
M1 S2 S2
Kroy Biermann
1 8 5 4 11 3 7 2 1 4 3 2 1 2 1
1 9 5 4 6 3 7 2 1 5 3 2 5 2 2
1 8 5 4 6 3 10 2 1 4 6 2 4 2 2
1 8 12 13 11 3 7 2 1 13 3 2 1 2 1
W2 S2 S2
Mike Conley
1 9 5 4 6 3 10 2 1 5 6 2 1 2 1
1 8 5 4 6 3 10 2 1 5 6 2 5 2 2
1 9 12 4 11 3 7 2 1 12 3 7 1 3 3
1 8 12 4 6 3 10 2 1 4 6 2 1 6 1
W2 E1 W2
Ronny Turiaf
1 9 5 4 6 3 10 2 1 5 3 2 1 2 2
1 8 5 4 6 3 7 2 1 5 6 2 1 2 1
1 8 5 4 6 3 7 2 1 5 3 2 1 3 3
1 8 5 4 6 3 10 2 1 4 3 2 1 3 1
W1 E1 W1
Bubba Watson
1 9 5 4 6 3 7 2 1 5 6 2 1 2 1
1 8 5 4 6 3 7 2 1 5 3 2 1 2 1
1 8 5 4 11 3 10 2 1 4 3 2 1 2 2
1 9 5 4 6 3 10 2 1 4 3 2 1 2 2
W1 E2 W1
Tony Kornheiser
1 8 12 4 6 3 7 2 1 4 3 2 1 2 1
1 8 5 4 11 3 10 2 1 5 3 2 5 2 2
1 8 5 4 11 3 10 2 1 4 3 2 1 2 2
1 8 5 4 11 14 10 2 1 4 11 2 1 2 1
W2 E1 E1
Kirk Morrison
1 8 5 4 6 3 7 2 1 5 3 2 1 2 2
1 9 5 4 6 3 7 2 1 5 6 2 5 2 2
1 8 5 4 6 3 7 2 1 4 3 2 1 3 1
1 8 5 4 6 3 10 2 1 4 6 2 1 2 1
M2 E1 E1
Jonathan Coachman
1 9 5 4 6 3 7 2 1 4 3 2 1 2 2
1 9 5 4 6 3 10 2 1 5 3 2 1 2 2
1 8 5 4 11 3 7 2 1 5 3 2 1 3 1
1 8 5 4 11 3 7 2 1 4 3 2 1 2 1
W2 S1 S1
Marcellus Wiley
1 9 12 4 6 3 7 2 1 4 3 2 1 3 3
1 9 5 4 6 3 7 2 1 5 3 2 1 2 1
1 8 5 4 6 3 7 2 1 4 3 2 4 3 3
1 9 5 4 6 3 10 2 1 4 6 2 1 2 1
W1 E1 W1
Kyle Rudolph
1 9 12 4 6 3 10 2 1 4 3 2 1 3 3
1 8 5 4 6 3 7 2 8 5 6 2 5 2 2
1 8 5 4 11 3 7 2 1 4 11 2 1 2 1
1 8 12 4 6 3 7 2 1 4 3 2 4 2 2
W2 S1 S1
Guy Torry
1 9 5 4 6 3 10 2 9 4 3 2 4 2 2
1 8 12 4 6 3 7 2 1 4 3 2 4 2 2
1 8 5 4 6 3 10 2 1 4 3 2 4 3 3
1 8 12 4 6 3 7 2 1 4 6 2 1 2 2
M2 E2 M2
Takeo Spikes
1 9 12 4 6 3 7 2 1 4 3 2 1 3 3
1 9 12 4 6 3 7 2 1 12 3 2 1 3 1
1 8 5 4 6 3 7 2 1 4 3 2 4 2 2
1 8 5 4 6 3 7 2 1 4 3 2 1 2 1
M3 E1 E1
Will Smith
1 8 5 4 6 3 10 2 1 5 3 2 1 3 1
1 8 12 4 6 3 7 2 1 4 3 2 4 2 2
1 9 5 4 6 14 10 2 1 4 6 2 1 2 2
1 8 5 4 6 3 7 2 1 5 3 2 1 2 2
W2 E2 W2
Drew Stanton
1 8 12 4 6 3 7 2 1 4 3 7 4 3 3
1 9 5 4 11 3 10 2 1 5 3 2 5 2 2
1 8 5 13 11 3 7 2 1 5 11 2 1 2 1
1 9 5 4 6 3 7 2 1 4 6 7 4 6 4
M3 S1 M3
Duane Brown
1 9 12 4 6 3 10 2 1 12 6 2 1 6 6
1 8 5 4 6 3 7 2 1 4 6 2 1 2 2
1 8 5 4 6 3 10 2 1 4 3 2 1 2 1
1 8 5 4 6 3 7 2 1 4 3 2 1 2 1
W2 E1 E1
Serge Ibaka
1 8 12 13 6 3 10 2 1 12 6 2 1 2 2
1 8 5 13 6 3 7 2 1 5 6 2 1 2 1
1 8 5 4 6 3 10 2 8 5 3 2 8 2 2
1 8 5 4 6 3 7 2 1 4 6 2 1 2 2
W1 S2 S2
Mark Schlereth
1 9 5 4 6 3 7 2 1 5 3 2 1 3 3
1 9 5 4 6 3 7 2 1 5 6 2 1 6 1
1 9 5 4 11 3 7 2 1 5 3 2 5 3 5
1 8 12 4 6 3 10 2 1 4 6 2 1 2 2
M3 E2 M3
Jay Williams
1 9 12 4 11 3 10 2 1 12 3 2 1 3 3
1 8 5 4 6 3 10 2 8 5 3 2 5 2 2
1 8 5 4 11 3 10 2 1 5 11 2 1 2 1
1 8 5 4 11 3 10 2 8 4 3 2 4 2 2
W2 S1 W2
Scott Van Pelt
1 9 5 4 6 3 7 2 1 4 3 2 4 3 3
1 8 5 4 11 3 10 2 1 5 3 2 1 2 2
1 8 5 4 11 3 10 2 1 4 3 2 1 3 3
1 8 12 4 11 14 10 2 1 4 11 2 1 2 2
W2 E2 W2
Mike Hill
1 9 12 4 6 3 10 2 1 4 3 2 1 3 3
1 8 12 4 11 3 7 2 1 12 3 2 1 2 2
1 8 5 4 11 3 7 2 1 5 3 2 1 2 1
1 9 5 4 6 3 7 2 1 5 6 2 1 2 2
M3 S1 M3
Ryen Russillo
1 9 5 4 11 3 10 2 1 5 3 10 5 3 5
1 8 5 4 11 3 10 2 1 4 3 2 1 3 1
1 8 5 4 11 3 10 2 1 4 3 10 4 3 3
1 9 5 4 11 3 7 2 1 4 3 2 1 2 2
W1 E2 E2
Kim English
1 9 5 4 6 3 10 2 9 5 3 2 9 3 9
1 9 5 4 11 3 10 2 1 5 3 2 1 3 1
1 8 5 4 11 3 7 2 8 5 11 2 5 2 2
1 9 5 4 6 3 10 2 1 4 6 2 4 2 4
M9 E4 M9
Michael Wilbon
1 8 5 4 11 3 10 2 1 4 3 2 4 3 3
1 8 5 4 11 3 10 2 8 5 3 2 5 3 5
1 8 5 4 11 3 10 2 1 5 11 2 1 2 2
1 8 5 4 11 14 7 2 1 4 11 2 4 2 4
M3 S2 S2
Claire Coffee
1 9 12 4 6 3 7 2 1 4 3 7 4 7 4
1 9 5 4 6 3 7 2 1 5 6 2 1 6 1
1 8 5 4 6 3 7 2 1 5 6 2 5 2 2
1 9 12 4 6 3 7 2 1 4 3 7 1 3 3
M4 S2 M4
Terrell Thomas
1 8 12 4 6 3 7 2 1 4 3 2 4 2 2
1 8 5 4 6 3 10 2 1 5 6 2 5 6 6
1 8 5 13 11 3 7 2 8 5 3 7 8 3 3
1 8 5 4 11 14 10 2 1 5 11 2 5 2 5
M2 E5 M2
Danny Green
1 9 12 4 6 3 7 2 1 4 3 2 1 3 3
1 8 5 4 6 3 7 2 1 4 3 2 1 3 1
1 8 5 4 6 3 7 2 1 5 6 2 1 2 2
1 8 5 4 6 3 7 2 1 4 6 2 1 2 1
W1 E1 E1
Colin Cowherd
1 8 5 4 6 3 7 2 1 4 3 7 4 3 4
1 8 5 4 11 3 7 2 1 4 3 2 1 3 1
1 8 5 4 11 3 7 2 1 5 3 2 1 3 3
1 8 5 4 6 3 7 2 1 4 6 2 1 2 2
M4 E2 E2
